1, 121 121;
2, 127 136;
3, 135 117;
4, 112 130;
5, 142 137;
6, 122 108;
7, 117 146;
8, 150 119;
9, 104 117;
10, 138 151;
11, 136 100;
12, 100 141;
13, 158 135;
14, 109 100;
15, 122 160;
16, 154 105;
17, 91 124;
18, 153 154;
19, 126 89;
20, 102 156;
21, 167 122;
22, 94 103;
23, 136 168;
24, 149 90;
25, 85 140;
26, 168 146;
27, 110 84;
28, 110 170;
29, 169 105;
30, 80 114;
31, 153 169;
32, 136 77;
33, 86 158;
34, 178 132;
35, 93 87;
36, 126 181;
37, 164 87;
38, 72 131;
39, 170 161;
40, 118 71;
41, 95 174;
42, 183 113;
43, 76 99;
44, 146 183;
45, 151 72;
46, 72 151;
47, 186 146;
48, 96 73;
49, 113 188;
50, 179 91;
51, 65 118;
52, 168 177;
53, 131 62;
54, 80 173;
55, 193 124;
56, 76 84;
57, 135 195;
58, 167 72;
59, 59 141;
60, 187 163;
61, 107 61;
62, 96 191;
63, 193 100;
64, 59 102;
65, 160 191;
66, 146 57;
67, 65 165;
68, 200 141;
69, 82 67;
70, 119 201;
71, 183 76;
72, 51 126;
73, 183 179;
74, 121 51;
75, 79 188;
76, 204 114;
77, 61 84;
78, 146 204;
79, 164 57;
80, 52 154;
81, 201 159;
82, 94 53;
83, 102 205;
84, 198 86;
85, 47 108;
86, 174 196;
87, 138 44;
88, 62 181;
89, 211 131;
90, 67 66;
91, 130 212;
92, 183 62;
93, 42 137;
94, 198 178;
95, 109 42;
96, 82 202;
97, 211 102;
98, 47 89;
99, 160 210;
100, 158 43;
101, 47 168;
102, 215 151;
103, 79 51;
104, 110 218;
105, 200 71;
106, 35 118;
107, 189 196;
108, 127 34;
109, 63 196;
110, 221 119;
111, 52 70;
112, 144 220;
113, 179 47;
114, 34 151;
115, 212 172;
116, 94 36;
117, 90 216;
118, 215 86;
119, 34 98;
120, 175 212;
121, 149 30;
122, 45 183;
123, 225 140;
124, 63 51;
125, 122 228;
126, 198 56;
127, 26 131;
128, 205 192;
129, 114 26;
130, 68 211;
131, 228 105;
132, 38 75;
133, 158 226;
134, 172 33;
135, 30 167;
136, 225 163;
137, 79 34;
138, 99 229;
139, 216 70;
140, 22 108;
141, 192 211;
142, 136 20;
143, 48 200;
144, 235 127;
145, 47 54;
146, 136 235;
147, 193 40;
148, 20 146;
149, 220 186;
150, 99 21;
151, 76 225;
152, 232 89;
153, 24 85;
154, 174 228;
155, 160 20;
156, 30 183;
157, 237 151;
158, 62 34;
159, 113 239;
160, 214 54;
161, 14 122;
162, 209 207;
163, 122 12;
164, 53 215;
165, 242 112;
166, 31 61;
167, 153 240;
168, 184 26;
169, 16 163;
170, 233 177;
171, 81 19;
172, 87 238;
173, 232 72;
174, 12 96;
175, 191 226;
176, 147 10;
177, 33 200;
178, 247 137;
179, 45 39;
180, 127 248;
181, 209 38;
182, 6 138;
183, 224 201;
184, 105 7;
185, 62 230;
186, 246 95;
187, 17 71;
188, 170 243;
189, 174 12;
190, 15 181;
191, 246 164;
192, 65 20;
193, 100 249;
194, 229 54;
195, 2 112;
196, 209 223;
197, 132 1;
198, 38 218;
199, 253 121;
200, 29 45;
